00101_0.png;0;0;269;257;1;1;574957+49494949484957485749+49485057504859+49484948
00094_1.png;0;0;160;182;1;1;484949+48504849494857+4850504949485057
00057_1.png;0;0;63;136;1;1;4848+494849
00083_0.png;0;0;165;294;1;1;485448+495749+484948544948574848
00041_0.png;0;0;261;283;1;1;4857+48574848484950574848+494950484849505048+5750574848+4957
00016_2.png;0;0;144;245;1;1;484848+484848485057+4849494948+5057505749494957
00021_0.png;0;0;86;191;1;1;484949485748505749
00100_2.png;0;0;195;313;1;1;50484948504849494848495050+50575748495048494950495048+5050+49494850504957
00058_0.png;0;0;243;301;1;1;4957+5048484857+4948484849494948+484957574948
00036_0.png;0;0;246;244;1;1;4848+4857+4850
00052_1.png;0;0;95;235;1;1;484848
00040_1.png;0;0;176;333;1;1;48485048+4949
00051_0.png;0;0;150;226;1;1;5757+485750484849484857+5048484957505748
00095_2.png;0;0;207;462;1;1;48484859494848484848
00055_0.png;0;0;148;196;1;1;4957+4948+5757+5757484957
00062_0.png;0;0;260;222;1;1;48484857+484848484848484848+57504850574848+484948484948
00055_1.png;0;0;118;195;1;1;48484848+484848
00042_2.png;0;0;273;371;1;1;4950+57574848+49494848504850+4950485048574857++505049505048+4949+484850505750+495050
00003_0.png;0;0;178;282;1;1;484950+48484848485048+4848+484948484949485048+4849574849575748
00032_2.png;0;0;340;480;1;1;4849+484857+4948494848+4850485057+48+48495748484950+49484850+5748505048
00049_0.png;0;0;317;392;1;1;5750+57484849485049+485750505754+484848485050+5748
00062_2.png;0;0;72;184;1;1;57574848
00098_2.png;0;0;90;289;1;1;4848494948485048
00047_0.png;0;0;182;294;1;1;4857+484848485049505748+484849505748+48485748+5750+
00021_1.png;0;0;86;227;1;1;575048484857
00033_0.png;0;0;242;207;1;1;5757+4849484848495750+49484849484848+4849+504848575748
00046_2.png;0;0;195;336;1;1;484948484948+494950484948494849574849+494849494848485748+5048484949484950495748
00034_2.png;0;0;216;447;1;1;504848+57494849+4850
00040_0.png;0;0;167;335;1;1;48484848+4849+504857504848485748
00022_2.png;0;0;189;345;1;1;50484849+494948484850+484848485748+5048484948
00028_2.png;0;0;252;416;1;1;48494848+574848504849+485749485757485050+495748505748
00034_0.png;0;0;118;209;1;1;505048
00045_0.png;0;0;299;270;1;1;4957+50484849+48494848+575757
00022_1.png;0;0;83;191;1;1;
00100_0.png;0;0;59;120;1;1;494948
00056_2.png;0;0;167;386;1;1;504957+4948484949484857
00013_0.png;0;0;204;251;1;1;484849+50494948+4948485757
00063_1.png;0;0;247;290;1;1;4948594848494949594848+48494857+494849494948+4959485050574849
00067_0.png;0;0;328;405;1;1;4849485048+485957+484857485749+5749575050575057574848485948+49485748574854484857484850
00061_0.png;0;0;276;364;1;1;48484857+484948+4848485057485054
00016_0.png;0;0;55;119;1;1;494948
00028_0.png;0;0;111;189;1;1;49594954491848
00093_1.png;0;0;135;286;1;1;484848484857+48484949484950+4948494949575048
00032_1.png;0;0;107;275;1;1;4948
00034_1.png;0;0;119;234;1;1;5057
00086_2.png;0;0;194;386;1;1;494848+49484949+48484848
00046_1.png;0;0;74;176;1;1;484850+4848
00097_0.png;0;0;245;312;1;1;504949484849+57574849484948495748+49484948+504948575057575057505050484950
00067_1.png;0;0;78;152;1;1;4848485957
00011_0.png;0;0;85;155;1;1;494848404848
00038_2.png;0;0;203;441;1;1;4849484848+48494850484848
00064_0.png;0;0;285;341;1;1;504848485948+49494848+4849484848284848504948545450
00070_0.png;0;0;312;328;1;1;484949484957484850+48545049+57485948485748+50485750+48485049505057505748
00096_2.png;0;0;105;241;1;1;50494848494850494849+48495050504950574850505048
00011_2.png;0;0;192;315;1;1;48485748484948+4857484850+4950574848+4848
00021_2.png;0;0;204;420;1;1;49504849+484848484848+4848485754+5748494848
00038_1.png;0;0;112;231;1;1;494849+49
00043_0.png;0;0;250;255;1;1;5757+484948484948484850+504948484957494849+48485750574850
00053_2.png;0;0;185;315;1;1;4849484848495048+5748495049504857+50505748484857485057+49504949495050
00017_0.png;0;0;212;242;1;1;4857+504848494949+57
00007_0.png;0;0;204;310;1;1;484957+4848484849504948505748+49484848+48484949+49505048574957
00032_0.png;0;0;96;180;1;1;48484849484948
00074_2.png;0;0;163;372;1;1;48574850+50484850+504848
00063_0.png;0;0;323;223;1;1;48485048+484859+49494848
00011_1.png;0;0;80;160;1;1;4848+4949
00053_1.png;0;0;77;158;1;1;4848
00052_2.png;0;0;245;461;1;1;485049+504848504818+4959494848484848
00006_0.png;0;0;320;340;1;1;5748+57494848+4849484848+4848+50575757
00031_0.png;0;0;265;367;1;1;4848+50485048505048+49484848+495050
00057_2.png;0;0;149;266;1;1;504848+48484948+4948
00068_0.png;0;0;303;400;1;1;485948485048+494949485749+49485749505057575048574859484849+494848575048484859484350
00062_1.png;0;0;183;185;1;1;4859485048+4957+484848
00044_2.png;0;0;293;550;1;1;50495048+57505050494948+574950+4950495048484850++4848485048
00024_0.png;0;0;237;380;1;1;5750+484848494949484848+4849484949484949575048+49504848+494949575748
