Results for LDA Normal Bayes Classifier
Training time: 1.98 seconds
Prediction time: 0.30 seconds
Accuracy: 0.9134
Confusion Matrix:
 125    0    0    0    0    0    0    0    0    0    0    0    0    0    0    0    0    0    0    0    0    0    0    0  123    0    0    0    0    0    0    0    0    0    0    0    0    0    0    0    0    0    0    0    0    0    0    0    0    0    2    0    0    0    0    0    0    0    0    0    0    0
   0  155    0    0    0    0    0    0    0    0    0    0    0    0    0    0    0    0   29    0    0    0    0    0    0    0    0    0    0    0    0    0    1    0    0    0    0    0    0    0    0    0    0    0   13   32    0   19    0    0    0    0    0    0    0    0    0    0    0    0    0    1
   0    0  247    0    0    0    0    0    0    0    0    0    0    0    0    0    0    0    0    0    0    0    0    0    0    0    0    0    0    0    0    0    0    0    0    0    0    0    0    0    0    0    0    0    0    0    0    0    0    0    0    0    0    0    0    0    0    0    0    0    0    3
   0    0    0  244    0    1    0    0    0    0    0    0    0    0    0    0    0    0    0    0    0    0    0    0    0    0    0    0    0    0    0    0    0    0    0    0    5    0    0    0    0    0    0    0    0    0    0    0    0    0    0    0    0    0    0    0    0    0    0    0    0    0
   0    0    0    0  250    0    0    0    0    0    0    0    0    0    0    0    0    0    0    0    0    0    0    0    0    0    0    0    0    0    0    0    0    0    0    0    0    0    0    0    0    0    0    0    0    0    0    0    0    0    0    0    0    0    0    0    0    0    0    0    0    0
   0    0    0    0    0  249    0    0    0    0    0    0    0    0    0    0    0    0    0    0    0    0    0    0    0    0    0    0    0    0    0    0    0    0    0    0    1    0    0    0    0    0    0    0    0    0    0    0    0    0    0    0    0    0    0    0    0    0    0    0    0    0
   0    0    0    0    0    0  248    0    1    0    0    0    0    0    0    0    0    0    0    0    0    0    0    0    0    0    0    0    0    0    0    0    1    0    0    0    0    0    0    0    0    0    0    0    0    0    0    0    0    0    0    0    0    0    0    0    0    0    0    0    0    0
   0    2    0    0    0    0    0  243    0    0    0    0    0    0    0    0    0    0    0    0    0    0    0    0    0    0    0    0    0    0    0    0    0    0    0    0    0    0    0    0    0    0    0    0    0    0    0    0    0    2    0    0    0    0    0    0    0    0    0    0    0    3
   0    0    0    0    0    0    0    0  248    0    0    1    0    0    0    0    0    0    0    0    0    0    0    0    0    0    0    0    0    0    0    0    0    0    0    0    0    0    0    0    1    0    0    0    0    0    0    0    0    0    0    0    0    0    0    0    0    0    0    0    0    0
   0    0    0    0    0    0    0    0    0  250    0    0    0    0    0    0    0    0    0    0    0    0    0    0    0    0    0    0    0    0    0    0    0    0    0    0    0    0    0    0    0    0    0    0    0    0    0    0    0    0    0    0    0    0    0    0    0    0    0    0    0    0
   0    0    0    0    1    0    0    0    0    0  249    0    0    0    0    0    0    0    0    0    0    0    0    0    0    0    0    0    0    0    0    0    0    0    0    0    0    0    0    0    0    0    0    0    0    0    0    0    0    0    0    0    0    0    0    0    0    0    0    0    0    0
   0    0    0    0    0    0    0    0    1    0    0  247    0    0    0    0    0    0    0    0    0    0    0    0    0    0    0    0    0    0    0    0    0    0    0    0    0    0    0    0    0    0    0    0    0    0    0    0    0    2    0    0    0    0    0    0    0    0    0    0    0    0
   0    0    0    0    0    0    0    0    0    0    0    0  248    0    0    0    1    0    0    0    0    0    0    0    0    0    0    0    0    0    0    0    0    0    0    0    0    0    1    0    0    0    0    0    0    0    0    0    0    0    0    0    0    0    0    0    0    0    0    0    0    0
   0    0    0    0    0    0    0    0    0    0    0    0    0  246    0    0    0    0    0    0    0    0    0    0    1    0    0    0    0    0    0    0    0    0    0    0    0    0    0    0    0    0    0    0    0    0    0    0    0    2    1    0    0    0    0    0    0    0    0    0    0    0
   0    0    0    0    0    0    0    0    0    0    0    0    0    0  248    2    0    0    0    0    0    0    0    0    0    0    0    0    0    0    0    0    0    0    0    0    0    0    0    0    0    0    0    0    0    0    0    0    0    0    0    0    0    0    0    0    0    0    0    0    0    0
   0    0    0    0    0    0    0    0    0    0    0    0    0    0    0  249    0    0    0    0    0    0    0    0    0    1    0    0    0    0    0    0    0    0    0    0    0    0    0    0    0    0    0    0    0    0    0    0    0    0    0    0    0    0    0    0    0    0    0    0    0    0
   0    0    0    0    0    0    0    0    0    0    0    0    0    0    0    0  246    0    0    0    0    0    0    0    0    0    2    0    0    0    0    0    2    0    0    0    0    0    0    0    0    0    0    0    0    0    0    0    0    0    0    0    0    0    0    0    0    0    0    0    0    0
   0    0    0    0    0    0    0    0    0    0    0    0    0    0    0    0    0  246    0    0    0    0    4    0    0    0    0    0    0    0    0    0    0    0    0    0    0    0    0    0    0    0    0    0    0    0    0    0    0    0    0    0    0    0    0    0    0    0    0    0    0    0
   0    6    0    0    0    0    0    0    0    0    0    0    0    0    0    0    0    0  137    0    0    0    0    0    0    0    0    0    0    0    0    0    0    0    0    0    0    0    0    0    0    1    0    0    0   97    0    8    0    0    0    0    0    0    0    0    0    1    0    0    0    0
   0    0    0    0    0    0    0    0    0    0    0    0    0    0    0    0    0    0    0  242    0    0    0    0    0    0    0    0    0    0    3    0    0    0    0    0    0    0    0    0    0    0    0    0    0    1    0    0    0    0    0    0    0    0    0    0    4    0    0    0    0    0
   0    0    0    0    0    0    0    0    0    0    0    0    0    0    0    0    0    0    0    0  249    0    0    0    0    0    0    0    0    0    0    0    1    0    0    0    0    0    0    0    0    0    0    0    0    0    0    0    0    0    0    0    0    0    0    0    0    0    0    0    0    0
   0    0    0    0    0    0    0    0    0    0    0    0    0    0    0    0    0    0    0    0    0  246    1    0    0    0    0    0    0    0    1    0    0    0    0    0    0    0    0    0    0    0    0    0    0    0    0    0    0    0    0    0    0    0    0    0    2    0    0    0    0    0
   0    0    0    0    0    0    0    0    0    0    0    0    0    0    0    0    0    0    0    0    0    0  250    0    0    0    0    0    0    0    0    0    0    0    0    0    0    0    0    0    0    0    0    0    0    0    0    0    0    0    0    0    0    0    0    0    0    0    0    0    0    0
   0    0    0    0    0    0    0    0    0    0    0    0    0    0    0    0    0    0    0    0    0    0    1  248    0    0    0    0    0    0    0    0    1    0    0    0    0    0    0    0    0    0    0    0    0    0    0    0    0    0    0    0    0    0    0    0    0    0    0    0    0    0
 126    0    0    0    0    0    0    0    0    0    0    0    0    0    0    0    0    0    0    0    0    0    0    0  115    0    1    0    0    0    0    0    0    0    0    0    0    0    0    0    0    0    0    0    0    0    0    0    0    0    8    0    0    0    0    0    0    0    0    0    0    0
   0    0    0    0    0    0    0    0    0    0    0    0    0    0    0    0    0    0    0    0    0    0    0    0    0  250    0    0    0    0    0    0    0    0    0    0    0    0    0    0    0    0    0    0    0    0    0    0    0    0    0    0    0    0    0    0    0    0    0    0    0    0
   0    0    0    0    0    0    0    0    0    0    0    0    0    0    0    0    0    0    0    0    0    0    0    0    0    0  247    0    0    0    0    0    0    0    0    0    1    0    0    0    1    0    0    0    0    0    0    0    0    0    0    0    0    0    0    0    1    0    0    0    0    0
   0    0    0    0    0    0    0    0    0    0    0    2    0    0    0    0    0    2    0    0    0    0    0    0    0    0    0  246    0    0    0    0    0    0    0    0    0    0    0    0    0    0    0    0    0    0    0    0    0    0    0    0    0    0    0    0    0    0    0    0    0    0
   0    0    0    0    0    0    0    0    3    0    0    1    0    0    0    0    0    0    0    0    0    0    0    0    0    0    0    0  244    0    0    0    0    0    0    0    0    0    0    0    0    0    0    0    0    0    0    0    0    0    0    0    0    0    2    0    0    0    0    0    0    0
   0    9    0    0    0    0    0    1    0    0    0    0    0    0    0    0    0    0    0    0    0    0    0    0    0    0    0    0    0  236    0    0    0    0    0    0    0    0    0    0    0    1    0    0    0    0    0    2    0    0    0    0    0    0    0    0    0    0    0    0    0    1
   0    0    0    0    0    0    0    0    0    0    0    0    0    0    0    0    0    0    0    3    0    1    0    0    0    0    0    0    0    0  240    0    0    0    0    0    0    0    0    0    0    0    0    0    0    0    0    0    0    0    0    0    0    0    0    0    6    0    0    0    0    0
   0    0    0    0    0    0    0    0    0    0    0    0    0    0    0    0    0    0    0    0    0    0    0    0    0    0    0    0    0    0    0  244    0    0    0    0    0    0    0    0    0    0    0    0    0    0    0    0    0    0    0    0    0    0    0    0    0    6    0    0    0    0
   0    0    0    0    0    0    0    0    0    0    0    0    0    0    0    0    0    0    0    0    0    0    0    0    0    0    0    0    0    0    0    0  250    0    0    0    0    0    0    0    0    0    0    0    0    0    0    0    0    0    0    0    0    0    0    0    0    0    0    0    0    0
   0    0    0    0    0    0    0    0    0    0    0    0    0    0    0    0    0    0    0    0    0    0    0    0    0    0    0    0    0    0    0    0    0  244    0    0    0    0    0    0    0    0    0    0    0    0    0    0    0    0    0    0    0    0    0    0    0    0    0    1    0    5
   0    0    0    0    0    0    0    0    0    0    0    0    0    0    0    0    0    0    0    0    0    0    1    0    0    0    0    0    0    0    0    1    0    0  247    0    0    0    0    0    0    0    0    0    0    0    0    0    0    0    0    0    0    0    0    0    0    1    0    0    0    0
   0    0    0    0    0    0    0    0    0    0    0    0    0    0    0    0    0    0    0    0    0    0    0    0    0    0    0    0    0    0    0    0    0    0    0  230    0    0    0    0    0    0    0    0    0    0    0    0    0    0    0    0    0    0    0    0    0    0    0    0    0   20
   0    0    0    0    0    0    0    0    3    0    0    0    0    0    0    0    0    0    0    0    0    0    0    0    0    0    0    0    0    0    0    0    0    0    0    0  247    0    0    0    0    0    0    0    0    0    0    0    0    0    0    0    0    0    0    0    0    0    0    0    0    0
   0    0    0    0    0    0    0    0    0    0    0    0    0    0    0    0    0    0    0    0    0    0    1    0    0    0    0    0    0    0    0    0    0    0    0    0    0  247    0    0    0    0    0    2    0    0    0    0    0    0    0    0    0    0    0    0    0    0    0    0    0    0
   3    0    0    0    0    0    0    0    0    0    0    0   62    0    0    0    0    0    0    0    0    0    0    0    1    0    1    0    0    0    0    0    1    0    0    0    0    0  180    0    0    0    0    0    0    0    0    0    0    1    1    0    0    0    0    0    0    0    0    0    0    0
   0    0    0    0    0    0    0    0    0    0    0    0    0    0    0    0    0    0    0    0    0    0    0    0    0    0    0    0    0    0    0    0    3    0    0    0    0    0    0  247    0    0    0    0    0    0    0    0    0    0    0    0    0    0    0    0    0    0    0    0    0    0
   0    0    0    0    0    0    0    0    0    0    0    1    0    0    0    0    0    0    0    0    0    0    0    0    0    0    0    0    0    0    0    0    0    0    0    0    0    0    0    0  249    0    0    0    0    0    0    0    0    0    0    0    0    0    0    0    0    0    0    0    0    0
   0    0    0    0    0    0    0    0    0    0    0    0    0    0    0    0    0    0   15    0    0    0    0    0    0    0    0    0    0    0    0    0    0    0    0    0    0    0    0    0    0  188    0    0    8   12    0   12    0    0    0    0    0    0    0   11    0    0    0    0    0    4
   0    0    0    0    0    0    0    0    0    0    0    0    0    0    0    0    0    0    0    0    0    0    0    0    0    0    0    0    0    0    0    0    0    0    0    0    0    0    0    0    0    0  245    0    0    0    0    0    0    0    0    0    5    0    0    0    0    0    0    0    0    0
   0    0    0    0    0    0    0    0    0    0    0    0    0    0    0    0    0    0    0    0    0    0    0    0    0    0    0    0    0    0    0    0    1    0    0    0    0    1    0    0    0    0    0  248    0    0    0    0    0    0    0    0    0    0    0    0    0    0    0    0    0    0
   0    0    0    0    0    0    0    0    0    0    0    0    0    0    0    0    0    0    7    0    0    0    0    0    0    0    0    0    0    0    0    0    0    0    0    0    0    0    0    0    0    6    0    0  126  108    0    3    0    0    0    0    0    0    0    0    0    0    0    0    0    0
   0    0    0    0    0    0    0    1    0    0    0    0    0    0    0    0    0    0    4    0    0    0    0    0    0    0    0    0    0    0    0    0    0    0    0    0    0    0    0    0    0    0    0    0    1  244    0    0    0    0    0    0    0    0    0    0    0    0    0    0    0    0
   0    0    0    0    0    0    0    0    0    0    0    0    0    0    0    0    0    0    0    0    2    0    1    2    0    0    0    0    0    0    0    0    0    0    0    0    0    0    0    0    0    0    0    0    0    0  245    0    0    0    0    0    0    0    0    0    0    0    0    0    0    0
   0   11    0    0    0    0    0    0    0    0    0    0    0    0    0    0    0    0   93    0    0    0    0    0    0    0    0    0    0    0    0    0    0    0    0    0    0    0    0    0    0    0    0    0    0   91    0   55    0    0    0    0    0    0    0    0    0    0    0    0    0    0
   0    0    0    0    0    0    0    0    0    0    0    0    0    0    0    0    0    0    0    0    0    0    1    0    0    0    0    0    0    0    0    0    1    0    0    0    0    0    0    0    0    0    0    0    0    0    0    0  247    0    0    0    0    0    0    0    0    0    1    0    0    0
   1    0    0    0    0    0    0    0    0    0    0    0    0    5    0    0    0    0    0    0    0    0    0    0    0    0    0    0    0    0    0    0    0    0    0    0    0    0    0    0    0    0    0    0    0    0    0    0    0  244    0    0    0    0    0    0    0    0    0    0    0    0
  12    0    0    0    0    0    0    0    0    0    0    0    0    1    0    0    0    0    0    0    0    0    0    0   19    0    0    0    0    0    0    0    0    0    0    0    0    0    0    0    0    0    0    0    0    0    0    0    0    0  218    0    0    0    0    0    0    0    0    0    0    0
   0    0    0    0    0    0    0    0    0    0    0    0    0    0    0    0    0    0    0    0    0    0    0    0    0    0    0    0    0    0    0    0    0    0    0    0    0    0    0    0    0    0    0    0    0    0    0    0    0    1    0  249    0    0    0    0    0    0    0    0    0    0
   0    0    0    0    0    0    0    0    0    0    0    0    0    0    0    0    0    0    0    0    0    0    0    0    0    0    3    1    0    0    0    0    1    0    0    0    0    0    0    0    0    0   43    0    0    0    0    0    0    0    0    1  201    0    0    0    0    0    0    0    0    0
   0    0    0    0    0    0    0    0    0    0    0    0    1    0    0    0    0    0    1    0    0    0    0    0    0    2    0    0    0   11    0    0    0    0    0    0    0    0    0    0    0    5    0    0    0    0    0    0    0    0    0    2    0  228    0    0    0    0    0    0    0    0
   0    0    0    0    0    0    0    0    0    0    0    0    0    0    0    0    0    0    0    0    0    0    1    0    0    0    0    0   15    0    0    0    0    0    0    0    0    0    0    0    0    0    0    0    0    0    0    0    0    0    0    0    0    0  234    0    0    0    0    0    0    0
   0    0    0    0    0    0    0    0    0    0    0    0    0    0    0    0    0    0    5    0    0    0    0    0    0    0    0    0    0    0    0    0    2    2    0    0    0    0    0    0    0    7    0    0    3    7    0    3    0    0    0    0    0    0    0  220    0    0    0    0    0    1
   0    0    0    0    0    0    0    0    0    0    0    0    0    0    0    0    0    0    0    0    0    0    0    0    0    0    0    0    0    0   33    0    0    0    0    0    0    0    0    0    0    0    0    0    0    0    0    0    0    0    0    0    0    0    0    0  217    0    0    0    0    0
   0    0    0    0    0    0    0    0    0    0    0    0    0    0    0    0    0    0    0    0    0    0    0    0    0    0    0    0    0    0    0    1    0    0    0    0    0    0    0    0    0    0    0    0    0    0    0    0    0    0    0    0    0    0    0    0    0  249    0    0    0    0
   0    0    0    0    0    0    0    0    0    0    0    0    0    0    0    0    0    0    0    0    0    0    0    0    0    0    0    0    0    0    0    0    0    0    0    0    0    0    0    0    0    0    0    0    0    0    0    0    0    0    0    0    0    0    0    0    0    0  250    0    0    0
   0    0    0    0    0    0    0    0    0    0    0    0    0    0    0    0    0    0    0    0    0    0    0    0    0    0    0    0    0    0    0    0    0    0    0    0    0    0    0    0    0    0    0    0    0    0    0    0    0    0    0    0    0    0    0    0    0    0    0  250    0    0
   0    0    0    0    0    0    0    0    0    0    0    0    0    0    0    0    0    0    0    0    0    0    1    1    0    0    0    0    0    0    0    0    0    0    0    0    0    0    0    0    0    0    0    0    0    0    0    0    0    0    0    0    0    0    0    0    0    1    0    0  247    0
   0    0    0    0    0    0    0    0    0    0    0    0    0    0    0    0    0    0    0    0    0    0    0    0    0    0    0    0    0    0    0    0    0    0    0   71    0    0    0    0    0    0    0    0    0    0    0    0    0    0    0    0    0    0    0    0    0    0    0    0    0  179

Classification Report:
0:
    precision: 0.47
    recall: 0.50
    f1-score: 0.48
    support: 250.00
1:
    precision: 0.85
    recall: 0.62
    f1-score: 0.72
    support: 250.00
2:
    precision: 1.00
    recall: 0.99
    f1-score: 0.99
    support: 250.00
3:
    precision: 1.00
    recall: 0.98
    f1-score: 0.99
    support: 250.00
4:
    precision: 1.00
    recall: 1.00
    f1-score: 1.00
    support: 250.00
5:
    precision: 1.00
    recall: 1.00
    f1-score: 1.00
    support: 250.00
6:
    precision: 1.00
    recall: 0.99
    f1-score: 1.00
    support: 250.00
7:
    precision: 0.99
    recall: 0.97
    f1-score: 0.98
    support: 250.00
8:
    precision: 0.97
    recall: 0.99
    f1-score: 0.98
    support: 250.00
9:
    precision: 1.00
    recall: 1.00
    f1-score: 1.00
    support: 250.00
10:
    precision: 1.00
    recall: 1.00
    f1-score: 1.00
    support: 250.00
11:
    precision: 0.98
    recall: 0.99
    f1-score: 0.98
    support: 250.00
12:
    precision: 0.80
    recall: 0.99
    f1-score: 0.88
    support: 250.00
13:
    precision: 0.98
    recall: 0.98
    f1-score: 0.98
    support: 250.00
14:
    precision: 1.00
    recall: 0.99
    f1-score: 1.00
    support: 250.00
15:
    precision: 0.99
    recall: 1.00
    f1-score: 0.99
    support: 250.00
16:
    precision: 1.00
    recall: 0.98
    f1-score: 0.99
    support: 250.00
17:
    precision: 0.99
    recall: 0.98
    f1-score: 0.99
    support: 250.00
18:
    precision: 0.47
    recall: 0.55
    f1-score: 0.51
    support: 250.00
19:
    precision: 0.99
    recall: 0.97
    f1-score: 0.98
    support: 250.00
20:
    precision: 0.99
    recall: 1.00
    f1-score: 0.99
    support: 250.00
21:
    precision: 1.00
    recall: 0.98
    f1-score: 0.99
    support: 250.00
22:
    precision: 0.95
    recall: 1.00
    f1-score: 0.98
    support: 250.00
23:
    precision: 0.99
    recall: 0.99
    f1-score: 0.99
    support: 250.00
24:
    precision: 0.44
    recall: 0.46
    f1-score: 0.45
    support: 250.00
25:
    precision: 0.99
    recall: 1.00
    f1-score: 0.99
    support: 250.00
26:
    precision: 0.97
    recall: 0.99
    f1-score: 0.98
    support: 250.00
27:
    precision: 1.00
    recall: 0.98
    f1-score: 0.99
    support: 250.00
28:
    precision: 0.94
    recall: 0.98
    f1-score: 0.96
    support: 250.00
29:
    precision: 0.96
    recall: 0.94
    f1-score: 0.95
    support: 250.00
30:
    precision: 0.87
    recall: 0.96
    f1-score: 0.91
    support: 250.00
31:
    precision: 0.99
    recall: 0.98
    f1-score: 0.98
    support: 250.00
32:
    precision: 0.94
    recall: 1.00
    f1-score: 0.97
    support: 250.00
33:
    precision: 0.99
    recall: 0.98
    f1-score: 0.98
    support: 250.00
34:
    precision: 1.00
    recall: 0.99
    f1-score: 0.99
    support: 250.00
35:
    precision: 0.76
    recall: 0.92
    f1-score: 0.83
    support: 250.00
36:
    precision: 0.97
    recall: 0.99
    f1-score: 0.98
    support: 250.00
37:
    precision: 1.00
    recall: 0.99
    f1-score: 0.99
    support: 250.00
38:
    precision: 0.99
    recall: 0.72
    f1-score: 0.84
    support: 250.00
39:
    precision: 1.00
    recall: 0.99
    f1-score: 0.99
    support: 250.00
40:
    precision: 0.99
    recall: 1.00
    f1-score: 0.99
    support: 250.00
41:
    precision: 0.90
    recall: 0.75
    f1-score: 0.82
    support: 250.00
42:
    precision: 0.85
    recall: 0.98
    f1-score: 0.91
    support: 250.00
43:
    precision: 0.99
    recall: 0.99
    f1-score: 0.99
    support: 250.00
44:
    precision: 0.83
    recall: 0.50
    f1-score: 0.63
    support: 250.00
45:
    precision: 0.41
    recall: 0.98
    f1-score: 0.58
    support: 250.00
46:
    precision: 1.00
    recall: 0.98
    f1-score: 0.99
    support: 250.00
47:
    precision: 0.54
    recall: 0.22
    f1-score: 0.31
    support: 250.00
48:
    precision: 1.00
    recall: 0.99
    f1-score: 0.99
    support: 250.00
49:
    precision: 0.97
    recall: 0.98
    f1-score: 0.97
    support: 250.00
50:
    precision: 0.95
    recall: 0.87
    f1-score: 0.91
    support: 250.00
51:
    precision: 0.99
    recall: 1.00
    f1-score: 0.99
    support: 250.00
52:
    precision: 0.98
    recall: 0.80
    f1-score: 0.88
    support: 250.00
53:
    precision: 1.00
    recall: 0.91
    f1-score: 0.95
    support: 250.00
54:
    precision: 0.99
    recall: 0.94
    f1-score: 0.96
    support: 250.00
55:
    precision: 0.95
    recall: 0.88
    f1-score: 0.91
    support: 250.00
56:
    precision: 0.94
    recall: 0.87
    f1-score: 0.90
    support: 250.00
57:
    precision: 0.97
    recall: 1.00
    f1-score: 0.98
    support: 250.00
58:
    precision: 1.00
    recall: 1.00
    f1-score: 1.00
    support: 250.00
59:
    precision: 1.00
    recall: 1.00
    f1-score: 1.00
    support: 250.00
60:
    precision: 1.00
    recall: 0.99
    f1-score: 0.99
    support: 250.00
61:
    precision: 0.82
    recall: 0.72
    f1-score: 0.77
    support: 250.00
accuracy: 0.91
macro avg:
    precision: 0.92
    recall: 0.91
    f1-score: 0.91
    support: 15500.00
weighted avg:
    precision: 0.92
    recall: 0.91
    f1-score: 0.91
    support: 15500.00
================================================================================

Results for LBP Normal Bayes Classifier
Training time: 73.24 seconds
Prediction time: 30.44 seconds
Accuracy: 0.7006
Confusion Matrix:
  70    0    0    4    0    0    0    0    1    0    0    0    1    4    0    0    4    0    0    0    0    0    0    0  132    0    2    0    3    0    4    0    0    0    0    0    0    0    4    0    0    0    0    0    0    0    0    0    0    0   19    0    1    0    0    0    1    0    0    0    0    0
   0  134    0    0    0    0    0    0    0    0    0    0    0    0    0    0    0    0   15    0    0    0    0    0    0    0    0    0    0    3    0    0    0    0    0    0    0    0    0    0    0   24    0    0   16   29    0   26    0    0    0    0    0    0    0    3    0    0    0    0    0    0
   0    0  191    8    0    3    2    0    0    0    0    0    0    0    6    0    6    0    0    0    0    0    0    0    0    0    0    4   12    0    0    1    0    0    0    2    0    0    0    0    1    0    0    3    0    0    0    0    0    0    0    1    0    0   10    0    0    0    0    0    0    0
   0    0   10  185    0    7    2    0    0    2    0    0    2    0    0    2    5    0    0    2    0    0    0    0    0    5    1    2    3    0    1    0    0    0    1    2    2    1    0    0    0    0    2    5    0    0    0    0    0    0    0    0    0    0    5    0    0    0    0    0    3    0
   0    0    0    0  203    0    0    2    0    0   15    0    0    0    2    5    0    0    0    0    0    2    0    0    0    1    0    0    0    2    0    2    0    0    1    2    0    0    0    0    0    0    0    4    0    0    0    0    0    1    0    1    2    0    0    0    2    1    1    0    1    0
   0    0    6    7    0  167    0    0    0    1    1    0    0    0    3    5    7    0    0    1    0    0    1    0    0    0    1    7   10    0    0    1    0    0    0    2   10    2    0    0    1    0    2    6    0    0    1    0    0    1    0    1    1    0    1    0    3    0    0    0    0    1
   2    0    1    8    0    1  160    0    0   39    0    0    3    1    0    2    5    0    0    0    0    0    0    0    2    4    2    0    0    0    0    0    0    0    0    0    0    1    0    2    0    0    7    0    0    0    0    0    0    0    1    5    3    0    0    0    0    1    0    0    0    0
   0    0    0    1    0    0    0  209    0    0    3    0    0    0    0    2    0    0    0   11    0    4    0    0    0    0    0    0    0    8    0    2    0    0    4    2    0    0    0    0    0    0    0    0    0    1    0    0    0    0    0    0    0    1    0    0    0    2    0    0    0    0
   2    0    2    1    0    1    0    0  219    0    0    4    0    0    0    0    1    0    0    0    0    0    0    0    1    5    0    1    1    0    1    0    0    0    0    0    3    0    0    0    7    0    0    0    0    0    0    0    0    0    0    0    1    0    0    0    0    0    0    0    0    0
   1    0    4    1    0    1   36    0    0  175    0    0    0    1    0    0    0    0    0    0    0    0    0    0    0   11    6    0    0    0    0    0    0    0    0    0    2    2    1    0    0    0    5    0    0    0    0    0    0    0    0    1    3    0    0    0    0    0    0    0    0    0
   0    0    0    0    8    1    0    8    0    0  194    0    1    0    0    2    0    0    0    1    1    0    0    0    0    0    0    0    0    2    1    8    0    3    2    2    0    0    0    1    0    0    0    2    0    0    0    0    0    1    0    0    0    0    0    0    0    7    0    0    4    1
   0    0    2    0    0    0    0    0   13    0    0  190    0    0    0    0    1    0    0    0    0    0    0    0    0    1    0    8    4    0    7    0    0    0    0    0   10    0    0    0    4    0    0    1    0    0    0    0    5    3    0    1    0    0    0    0    0    0    0    0    0    0
   0    0    0    1    0    0    0    0    0    2    0    0  223    0    0    0    0    0    0    6    0    6    0    0    0    0    0    0    0    3    1    0    0    0    0    0    0    0    6    0    0    0    1    1    0    0    0    0    0    0    0    0    0    0    0    0    0    0    0    0    0    0
   4    0    0    2    0    1    0    0    3    0    3    2    1  191    0    0    2    0    0    0    0    0    0    0    4    1   10    0    3    0    7    0    0    0    0    2    0    0    1    3    0    0    0    4    0    0    0    0    1    1    1    2    0    0    0    0    1    0    0    0    0    0
   0    0    7    6    0    1    0    2    0    0    0    0    0    0  193   12    0    4    0    0    0    1    1    4    0    0    0    1    2    2    0    0    1    0    1    1    1    0    0    0    0    0    0    5    0    0    3    0    0    0    0    0    0    0    1    0    0    0    1    0    0    0
   0    0    1    5    1    1    0    4    0    0    0    0    0    0    9  176    0    3    0    0    3    3    1    0    0    0    0    0    1    0    0    6    0    0    3    5    0    0    1    0    0    0    0   10    0    0    4    0    0    0    0    0    0    0    1    0    1    0    0    0    4    7
   0    0    5    3    1    6    0    0    0    2    1    2    0    0    2    1  195    0    0    0    0    0    0    0    0    3    1    2   10    0    2    0    0    0    1    0    2    0    0    0    1    0    1    9    0    0    0    0    0    0    0    0    0    0    0    0    0    0    0    0    0    0
   0    0    0    0    0    8    0    0    0    0    0    0    0    0    5    0    0  175    0    0   11    2    5    6    0    0    0    1    1    3    3    0    1    0    3    1    1    0    1    0    0    0    0   10    0    0    1    0    2    2    0    1    0    0    0    0    0    0    2    2    3    0
   0   13    0    0    0    0    0    0    0    0    0    0    0    0    0    0    0    0  134    0    0    0    0    0    0    0    0    0    0    0    0    0    0    0    0    0    0    0    0    0    0    6    0    0   13   29    0   55    0    0    0    0    0    0    0    0    0    0    0    0    0    0
   0    0    0    0    1    0    0    5    0    0    0    0    7    0    0    1    0    0    1  200    0   18    0    0    0    0    0    0    0    6    0    0    0    0    3    0    0    0    2    0    0    1    0    0    1    0    0    0    0    0    0    0    0    4    0    0    0    0    0    0    0    0
   0    0    0    1    0    0    0    0    0    0    0    0    0    0    2    2    0    6    0    0  170    0    9    2    0    0    0    2    0    2    0    1    4    2    2    1    0    1    0    0    0    0    0    5    0    0   22    0    0    0    0    0    0    1    0    0    0    0    4    3    6    2
   0    1    0    0    4    0    0   12    0    0    0    0    5    0    0    1    0    0    1   26    0  169    0    0    0    0    0    0    0   17    0    0    0    0    2    0    0    0    1    0    0    4    0    0    0    1    0    1    0    0    0    0    0    5    0    0    0    0    0    0    0    0
   0    0    0    0    0    0    0    0    0    0    0    0    0    0    2    0    0    4    0    0   16    0  183   13    0    0    0    1    0    0    0    0   14    0    0    0    0    0    0    0    0    0    0    2    0    0    2    0    0    0    0    0    0    0    0    0    0    0   13    0    0    0
   0    0    0    0    0    0    0    0    0    0    0    0    0    0    3    0    0    3    0    0    4    0   10  202    0    0    0    0    0    0    2    4    4    0    0    0    0    0    0    0    0    0    0    1    0    0    5    0    0    0    0    0    0    0    0    0    0    0    9    0    3    0
  62    0    0    4    0    0    0    0    1    0    0    0    4    4    0    0    6    0    0    0    0    0    0    0  139    0    1    0    1    0    6    0    0    0    0    0    0    0    1    0    0    0    0    1    0    0    0    0    0    0   17    0    1    0    0    0    2    0    0    0    0    0
   1    0    1    3    1    3   10    0    0   13    0    0    2    0    0    1    3    1    0    0    0    0    0    0    0  149    6    1    7    0    3    0    0    0    0    0    6   10    0    2    0    0    6    2    0    0    0    0    0    1    0   12    5    0    0    0    1    0    0    0    0    0
   1    0    0    2    0    1   11    0    1    7    0    0    1   13    0    3    1    0    0    1    0    1    0    0    3    1  156    2    1    3    1    0    0    0    0    2    1    7    1    9    0    0    6    0    0    0    0    0    0    0    3    3    6    0    2    0    0    0    0    0    0    0
   0    0    3    1    0    8    0    0    0    1    1    9    0    1    3    1    1    4    0    0    3    0    1    0    0    1    1  184    3    0    0    0    0    0    0    1    0    2    0    1    1    0    3    9    0    0    1    0    4    2    0    0    0    0    0    0    0    0    0    0    0    0
   0    0    6    4    0    6    4    0    2    0    0    0    0    0    1    0    6    0    0    0    0    0    0    0    2    1    0    0  191    0    0    0    0    0    0    0    2    0    0    0    2    0    1    0    0    0    0    0    1    0    0    0    0    0   21    0    0    0    0    0    0    0
   0    2    0    0    1    0    0    6    0    0    0    0    0    0    0    0    0    0    0    0    0   18    0    0    0    0    0    0    0  187    0    0    0    1    4    0    0    0    0    0    0    1    0    0    4   10    0    1    0    0    0    0    0    9    0    5    0    0    0    0    1    0
   1    0    0    1    1    1    0    0    1    0    0    0    0    3    0    0    3    2    0    2    0    2    0    0    0    2    0    1    0    0  208    0    0    0    0    0    1    2    0    1    1    0    0    3    0    0    0    0    0    5    0    2    1    0    0    1    5    0    0    0    0    0
   0    0    0    0    1    0    0    0    0    0    2    0    0    0    0    0    0    0    0    0    0    0    1    1    0    0    0    0    0    1    2  198    0    1    3    2    0    2    0    0    0    0    0    1    0    0    3    0    0    0    0    1    0    0    0    0    0   18    0    0   12    1
   0    0    0    0    1    0    0    0    0    0    0    0    0    0    0    1    0    0    0    0   19    0   16    6    0    0    0    1    0    0    0    0  193    0    0    0    1    0    0    0    0    0    0    0    0    0    0    0    1    0    0    0    0    0    0    0    0    1    9    0    1    0
   0    0    0    0    0    0    0    0    0    0    1    0    0    0    0    0    0    0    0    0    3    0    0    0    0    0    0    0    0    2    0    0    0  204    4    0    0    0    0    0    0    0    0    0    0    0    7    0    0    0    0    0    0    0    0    0    0    0    0   24    5    0
   0    0    0    1    0    0    0    8    0    0   10    0    0    0    0    0    0    0    0    2    0    1    1    0    0    0    0    0    0    7    0    1    0    3  174    2    0    0    0    0    0    0    0    1    0    0    3    0    0    0    0    0    0    0    0    0    0    1    0    0   35    0
   0    0    2    0    0    0    0    6    0    0    1    0    0    0    2    3    0    0    0    0    0    0    0    1    0    0    0    0    0    2    0    0    0    0    3  189    0    0    1    0    0    0    1    1    0    0    1    0    0    0    0    1    0    0    0    0    0    0    2    0    0   34
   0    0    3    1    0    5    1    0    5    4    0    6    0    0    1    0    2    1    0    0    0    0    0    1    0    6    2   11    5    0    0    0    0    0    0    0  156    1    0    1   14    0   12    3    0    0    0    0    2    3    0    1    2    0    1    0    0    0    0    0    0    0
   1    0    0   13    1    2    5    1    0    6    0    0    1    4    1    0    1    0    0    0    0    0    0    0    1    4   10    0    2    0    2    1    0    0    1    0    2   86    0   31    1    0   26   10    0    0    0    0    0    0    0   23   13    0    1    0    0    0    0    0    0    0
   0    0    0    0    0    0    0    1    0    1    1    0   23    0    0    0    0    0    0    0    0    0    0    0    0    0    0    0    0    0    0    0    0    0    2    0    0    0  222    0    0    0    0    0    0    0    0    0    0    0    0    0    0    0    0    0    0    0    0    0    0    0
   3    0    0    4    0    2   17    2    0    6    0    0    1    2    0    1    1    0    0    0    0    0    0    0    0    4    8    0    0    0    1    1    0    0    0    0    2   30    3   90    0    0   23    5    0    0    0    0    0    0    2   18   22    0    0    0    0    2    0    0    0    0
   0    0    3    0    0    0    0    0    5    0    0    2    0    0    0    0   17    0    0    0    0    0    0    0    0    0    0    0    3    0    0    0    0    0    0    0    5    0    0    0  212    0    1    0    0    0    0    0    1    1    0    0    0    0    0    0    0    0    0    0    0    0
   0    8    0    0    0    0    0    0    0    0    0    0    0    0    0    0    0    0    4    0    0    1    0    0    0    0    0    0    0    0    0    0    0    0    0    0    0    0    0    0    0  150    0    0   13   12    0   17    0    0    0    0    0    7    0   38    0    0    0    0    0    0
   1    0    0    4    1    7    9    0    2   12    1    0    2    3    0    2    2    0    0    0    0    3    0    0    0    3    7    0    2    0    2    0    0    0    0    1    0   13    0    6    0    0  108    3    0    0    0    0    0    0    0   16   39    0    0    0    1    0    0    0    0    0
   0    0    0    5    0    0    0    0    0    0    0    1    1    0    0    3    0    2    0    0    3    0    0    0    0    0    1    1    0    0    7    5    0    0    3    3    1    0    0    3    0    0    0  198    0    0    1    0    0    6    0    1    1    0    0    0    1    0    0    0    3    0
   0    8    0    0    0    0    0    0    0    0    0    0    0    0    0    0    0    0    7    0    0    2    0    0    0    0    0    0    0    1    0    0    0    0    0    0    0    0    0    0    0   12    0    0  153   49    0   13    0    0    0    0    0    1    0    4    0    0    0    0    0    0
   0   12    0    0    0    0    0    0    0    0    0    0    0    0    0    0    0    0    2    0    0    1    0    0    0    0    0    0    0    1    0    0    0    0    0    0    0    0    0    0    0    7    0    0   16  202    0    3    0    0    0    0    0    2    0    4    0    0    0    0    0    0
   0    0    0    0    0    0    0    0    0    0    1    0    0    0    1    4    0    0    0    0   20    0    5    1    0    0    0    0    0    0    0    3    1    4    1    0    0    0    0    0    0    0    0    1    0    0  186    0    0    0    0    0    0    0    0    0    0    0    4    1   13    4
   0   16    0    0    0    0    0    0    0    0    0    0    0    0    0    0    0    0   56    0    0    0    0    0    0    0    0    0    0    0    0    0    0    0    0    0    0    0    0    0    0    7    0    0   22   33    0  115    0    0    0    0    0    0    0    1    0    0    0    0    0    0
   0    0    2    0    0    1    1    0    0    0    1    2    0    0    0    0    0    6    0    0    2    0    1    0    0    0    0    2    2    0    0    0    1    0    0    0    0    0    0    0    4    0    1    0    0    0    0    0  223    1    0    0    0    0    0    0    0    0    0    0    0    0
   1    0    0    1    0    1    0    0    0    0    5    0    1    0    1    0    0    1    0    0    0    0    0    0    1    1    0    1    0    0   25    5    0    1    0    0    3    1    1    3    0    0    1    9    0    0    0    0    0  125    0    3    2    0    0    0   56    0    0    0    1    0
   4    0    0    0    0    0    1    0    0    0    0    0    0    0    0    0    0    0    0    0    0    0    0    0   17    0    0    0    0    0    0    0    0    0    0    0    0    0    1    0    0    0    0    0    0    0    0    0    0    1  225    0    0    0    0    0    1    0    0    0    0    0
   1    0    0    6    0    1    4    1    0    5    1    0    0    2    1    3    4    0    0    1    1    0    0    0    0   15    5    0    0    2    2    0    0    0    2    0    0   15    0    6    0    0   14    4    0    0    2    0    0    0    0  128   23    0    0    0    1    0    0    0    0    0
   2    0    0    3    4    2    5    0    0    9    1    1    0    4    1    2    2    0    0    3    0    1    0    0    2    8    4    0    0    0    1    0    0    0    0    1    1    7    0   12    0    0   46    4    0    0    0    0    0    2    0   27   95    0    0    0    0    0    0    0    0    0
   0    0    0    0    0    0    0    2    0    0    0    0    0    0    0    0    0    0    0    5    0   12    0    0    0    0    0    0    0   26    0    0    0    0    1    0    0    0    0    0    0    2    0    0    3    8    0    0    0    0    0    0    0  183    0    8    0    0    0    0    0    0
   0    0   14    2    0    3    0    0    0    0    0    0    0    1    2    0    0    0    0    0    0    0    0    0    0    0    0    0   46    0    0    0    0    0    0    0    2    1    0    0    0    0    1    1    0    0    0    0    1    0    0    0    0    0  174    0    0    1    1    0    0    0
   0    0    0    0    0    0    0    0    0    0    0    0    0    0    0    0    0    0    1    0    0    1    0    0    0    0    0    0    0    2    0    0    0    0    0    0    0    0    0    0    0   21    0    0    8    1    0    4    0    0    0    0    0    7    0  205    0    0    0    0    0    0
   9    0    0    0    1    3    1    0    0    0    2    0    1    4    0    2    3    1    0    0    0    0    0    0    1    3    0    0    0    0   19    4    0    0    0    1    1    1    0    6    0    0    1    0    0    0    0    0    0   52    0    3    0    1    0    0  129    0    0    0    1    0
   0    0    0    0    1    0    0    1    0    0    2    0    1    0    1    2    0    0    0    1    0    0    0    0    0    0    2    0    0    0    0   31    0    0    3    4    1    0    0    0    0    0    0    0    0    0    0    0    0    0    0    0    0    0    0    0    0  192    0    0    4    4
   0    0    0    0    0    0    0    0    0    0    0    0    0    0    2    0    0    0    0    0    5    0   10   16    0    0    0    0    0    0    0    0   10    0    1    0    0    0    0    0    0    0    0    0    0    0    1    0    0    1    0    0    0    0    0    0    0    0  204    0    0    0
   0    0    0    0    0    0    0    0    0    0    0    0    0    0    0    0    0    0    0    0    0    0    0    0    0    0    0    0    0    0    0    0    0    9    0    0    0    0    0    0    0    0    0    0    0    0    1    0    0    0    0    0    0    0    0    0    0    0    0  240    0    0
   0    0    0    0    0    0    0    4    0    0    7    0    0    0    0    2    0    0    0    1    1    0    0    0    0    0    0    0    0    2    0    4    0    0   30    0    0    0    0    0    0    0    0    2    0    0    2    0    0    0    0    1    0    2    0    0    0    1    0    0  191    0
   0    0    0    0    0    0    0    1    0    0    0    0    0    0    3    2    0    0    0    0    1    0    0    1    0    0    0    0    0    0    0    0    0    0    2   49    0    0    0    0    0    0    0    0    0    0    2    0    0    0    0    0    0    0    1    0    0    0    0    0    0  188

Classification Report:
0:
    precision: 0.42
    recall: 0.28
    f1-score: 0.34
    support: 250.00
1:
    precision: 0.69
    recall: 0.54
    f1-score: 0.60
    support: 250.00
2:
    precision: 0.73
    recall: 0.76
    f1-score: 0.74
    support: 250.00
3:
    precision: 0.64
    recall: 0.74
    f1-score: 0.69
    support: 250.00
4:
    precision: 0.88
    recall: 0.81
    f1-score: 0.84
    support: 250.00
5:
    precision: 0.68
    recall: 0.67
    f1-score: 0.68
    support: 250.00
6:
    precision: 0.59
    recall: 0.64
    f1-score: 0.62
    support: 250.00
7:
    precision: 0.76
    recall: 0.84
    f1-score: 0.80
    support: 250.00
8:
    precision: 0.87
    recall: 0.88
    f1-score: 0.87
    support: 250.00
9:
    precision: 0.61
    recall: 0.70
    f1-score: 0.65
    support: 250.00
10:
    precision: 0.76
    recall: 0.78
    f1-score: 0.77
    support: 250.00
11:
    precision: 0.87
    recall: 0.76
    f1-score: 0.81
    support: 250.00
12:
    precision: 0.79
    recall: 0.89
    f1-score: 0.84
    support: 250.00
13:
    precision: 0.80
    recall: 0.76
    f1-score: 0.78
    support: 250.00
14:
    precision: 0.78
    recall: 0.77
    f1-score: 0.78
    support: 250.00
15:
    precision: 0.72
    recall: 0.70
    f1-score: 0.71
    support: 250.00
16:
    precision: 0.70
    recall: 0.78
    f1-score: 0.74
    support: 250.00
17:
    precision: 0.82
    recall: 0.70
    f1-score: 0.76
    support: 250.00
18:
    precision: 0.61
    recall: 0.54
    f1-score: 0.57
    support: 250.00
19:
    precision: 0.76
    recall: 0.80
    f1-score: 0.78
    support: 250.00
20:
    precision: 0.65
    recall: 0.68
    f1-score: 0.66
    support: 250.00
21:
    precision: 0.68
    recall: 0.68
    f1-score: 0.68
    support: 250.00
22:
    precision: 0.75
    recall: 0.73
    f1-score: 0.74
    support: 250.00
23:
    precision: 0.80
    recall: 0.81
    f1-score: 0.80
    support: 250.00
24:
    precision: 0.46
    recall: 0.56
    f1-score: 0.50
    support: 250.00
25:
    precision: 0.65
    recall: 0.60
    f1-score: 0.62
    support: 250.00
26:
    precision: 0.69
    recall: 0.62
    f1-score: 0.66
    support: 250.00
27:
    precision: 0.79
    recall: 0.74
    f1-score: 0.76
    support: 250.00
28:
    precision: 0.61
    recall: 0.76
    f1-score: 0.68
    support: 250.00
29:
    precision: 0.66
    recall: 0.75
    f1-score: 0.70
    support: 250.00
30:
    precision: 0.68
    recall: 0.83
    f1-score: 0.75
    support: 250.00
31:
    precision: 0.71
    recall: 0.79
    f1-score: 0.75
    support: 250.00
32:
    precision: 0.84
    recall: 0.77
    f1-score: 0.81
    support: 250.00
33:
    precision: 0.89
    recall: 0.82
    f1-score: 0.85
    support: 250.00
34:
    precision: 0.68
    recall: 0.70
    f1-score: 0.69
    support: 250.00
35:
    precision: 0.68
    recall: 0.76
    f1-score: 0.72
    support: 250.00
36:
    precision: 0.72
    recall: 0.62
    f1-score: 0.67
    support: 250.00
37:
    precision: 0.46
    recall: 0.34
    f1-score: 0.40
    support: 250.00
38:
    precision: 0.90
    recall: 0.89
    f1-score: 0.89
    support: 250.00
39:
    precision: 0.51
    recall: 0.36
    f1-score: 0.42
    support: 250.00
40:
    precision: 0.85
    recall: 0.85
    f1-score: 0.85
    support: 250.00
41:
    precision: 0.64
    recall: 0.60
    f1-score: 0.62
    support: 250.00
42:
    precision: 0.40
    recall: 0.43
    f1-score: 0.42
    support: 250.00
43:
    precision: 0.61
    recall: 0.79
    f1-score: 0.69
    support: 250.00
44:
    precision: 0.61
    recall: 0.61
    f1-score: 0.61
    support: 250.00
45:
    precision: 0.54
    recall: 0.81
    f1-score: 0.65
    support: 250.00
46:
    precision: 0.75
    recall: 0.74
    f1-score: 0.75
    support: 250.00
47:
    precision: 0.49
    recall: 0.46
    f1-score: 0.47
    support: 250.00
48:
    precision: 0.93
    recall: 0.89
    f1-score: 0.91
    support: 250.00
49:
    precision: 0.60
    recall: 0.50
    f1-score: 0.54
    support: 250.00
50:
    precision: 0.84
    recall: 0.90
    f1-score: 0.87
    support: 250.00
51:
    precision: 0.51
    recall: 0.51
    f1-score: 0.51
    support: 250.00
52:
    precision: 0.43
    recall: 0.38
    f1-score: 0.40
    support: 250.00
53:
    precision: 0.82
    recall: 0.73
    f1-score: 0.77
    support: 250.00
54:
    precision: 0.80
    recall: 0.70
    f1-score: 0.74
    support: 250.00
55:
    precision: 0.76
    recall: 0.82
    f1-score: 0.79
    support: 250.00
56:
    precision: 0.63
    recall: 0.52
    f1-score: 0.57
    support: 250.00
57:
    precision: 0.85
    recall: 0.77
    f1-score: 0.81
    support: 250.00
58:
    precision: 0.82
    recall: 0.82
    f1-score: 0.82
    support: 250.00
59:
    precision: 0.89
    recall: 0.96
    f1-score: 0.92
    support: 250.00
60:
    precision: 0.66
    recall: 0.76
    f1-score: 0.71
    support: 250.00
61:
    precision: 0.78
    recall: 0.75
    f1-score: 0.76
    support: 250.00
accuracy: 0.70
macro avg:
    precision: 0.70
    recall: 0.70
    f1-score: 0.70
    support: 15500.00
weighted avg:
    precision: 0.70
    recall: 0.70
    f1-score: 0.70
    support: 15500.00
================================================================================

Results for HOG Normal Bayes Classifier
Training time: 65.80 seconds
Prediction time: 73.93 seconds
Accuracy: 0.9010
Confusion Matrix:
 104    0    2    5    0    0    0    0    5    0    0    0    5    1    0    0    5    2    0    0    0    0    0    0  105    0    4    0    0    0    0    0    1    0    0    0    0    2    1    2    0    0    2    2    0    0    0    0    0    0    0    2    0    0    0    0    0    0    0    0    0    0
   0  216    0    0    0    0    0    0    0    0    0    0    0    0    0    0    0    1    4    0    0    0    0    0    0    0    0    0    0    1    0    0    0    0    0    0    0    0    0    0    0   13    0    0    5    3    0    4    0    0    0    0    0    0    0    3    0    0    0    0    0    0
   0    0  233    0    0    0    0    1    0    0    0    0    0    0    1    1    0    0    0    0    0    0    0    0    0    1    0    0    0    0    0    0    0    0    0    9    0    0    0    0    0    0    0    0    0    0    1    0    0    0    0    0    0    0    0    0    0    0    0    0    0    3
   1    0    0  222    0    1    0    0    8    0    0    1    4    2    0    0    1    0    0    0    0    0    0    0    1    0    2    0    2    0    0    0    0    0    0    0    0    2    0    0    0    0    1    0    0    0    0    0    0    0    0    0    1    0    0    0    0    0    0    0    0    1
   0    1    0    0  232    0    1    1    0    0    3    0    0    0    0    0    0    0    0    1    0    0    0    0    0    0    1    0    0    0    0    0    0    0    0    0    0    0    0    4    0    0    3    1    0    0    0    0    0    0    0    0    2    0    0    0    0    0    0    0    0    0
   0    0    1    2    1  235    0    0    0    0    0    1    0    0    1    0    1    2    0    0    0    0    0    0    0    0    0    0    1    0    0    0    0    1    0    0    0    1    0    0    0    0    0    0    0    0    0    0    0    0    0    2    1    0    0    0    0    0    0    0    0    0
   0    0    0    2    3    0  227    0    1    0    0    2    0    0    0    0    2    1    0    0    0    0    1    0    0    0    2    0    0    0    0    0    0    0    0    0    0    2    2    2    0    0    0    0    0    0    0    0    1    0    0    0    1    0    0    0    0    0    0    0    0    1
   0    0    0    0    0    0    0  229    0    0    0    0    0    0    0    1    0    7    0    0    0    0    0    0    0    1    0    0    0   11    0    0    0    0    0    0    0    0    0    0    0    0    0    0    0    0    0    0    0    0    0    0    1    0    0    0    0    0    0    0    0    0
   1    0    0   18    1    0    0    0  195    0    0   10    3    0    0    0    3    0    0    0    0    0    0    0    3    0    3    0    1    0    0    0    0    0    0    0    1    5    2    2    0    0    1    1    0    0    0    0    0    0    0    0    0    0    0    0    0    0    0    0    0    0
   0    0    0    0    0    3    0    0    0  231    0    5    0    0    0    0    0    0    0    0    0    0    0    0    0    0    0    0    0    0    0    0    0    0    0    0    0    0    0    0    0    0    4    0    0    0    0    0    0    0    0    6    1    0    0    0    0    0    0    0    0    0
   0    0    0    0    3    0    0    0    0    0  236    0    0    0    0    0    0    3    0    0    0    0    0    0    0    0    0    0    0    0    0    0    0    0    0    1    0    0    0    1    0    0    2    0    0    0    0    0    0    0    0    0    1    0    0    2    0    0    0    0    0    1
   0    0    0    2    0    2    0    0    2    0    0  230    2    1    1    0    1    0    0    0    0    0    0    0    1    0    2    0    1    0    0    0    0    0    0    1    0    1    0    0    0    0    0    1    0    0    0    0    0    0    0    1    1    0    0    0    0    0    0    0    0    0
   0    0    0    0    0    0    0    0    0    0    0    0  243    0    1    0    2    0    0    0    0    0    0    0    0    0    0    0    0    0    0    0    0    0    0    0    0    0    0    1    0    0    0    0    0    0    1    0    0    0    0    0    0    2    0    0    0    0    0    0    0    0
   0    0    0    0    0    0    0    0    1    0    0   13    0  214    1    0    0    1    0    0    0    0    0    0    1    0    1    0    0    0    0    0    0    0    0    0    0   14    0    0    0    0    1    0    0    0    0    0    0    2    0    0    1    0    0    0    0    0    0    0    0    0
   0    0    0    0    0    0    0    0    0    0    0    0    4    0  231    6    0    3    0    0    0    0    0    0    0    0    0    0    0    1    0    0    0    0    0    2    0    0    0    1    0    1    0    0    0    0    0    0    1    0    0    0    0    0    0    0    0    0    0    0    0    0
   0    0    0    0    0    0    0    2    0    0    0    0    0    0    0  239    0    0    0    0    0    0    0    0    0    5    0    0    0    2    0    0    0    0    0    0    0    0    0    0    0    0    0    0    0    0    0    0    0    0    0    1    0    1    0    0    0    0    0    0    0    0
   0    0    0    1    0    0    1    0    0    0    0    0   22    0    0    0  222    0    0    0    0    0    0    0    0    0    0    0    0    0    0    0    0    0    0    0    0    0    1    0    0    0    2    0    0    0    0    0    0    0    0    0    0    0    0    0    0    0    0    0    0    1
   0    0    0    0    0    0    0    0    0    0    0    0    0    0    0    0    0  242    0    0    0    0    4    1    0    0    0    0    0    1    0    0    0    0    0    0    0    0    0    0    0    0    0    0    0    0    1    0    0    0    0    0    1    0    0    0    0    0    0    0    0    0
   0    4    0    0    0    0    0    0    0    0    0    0    0    0    0    0    0    0  202    0    0    0    0    0    0    0    0    1    0    0    0    0    0    0    0    0    0    0    0    0    0    2    0    0    7    0    0   23    0    2    0    0    0    0    0    9    0    0    0    0    0    0
   0    0    0    0    0    0    0    0    0    0    0    1    0    0    0    0    0    0    0  237    0    0    0    0    0    0    0    0    0    0    0    0    0    0    0    0    0    2    0    2    0    1    2    0    0    1    0    0    0    0    0    0    3    0    0    1    0    0    0    0    0    0
   0    0    0    0    1    0    0    0    0    0    0    0    0    0    0    0    0    0    0    0  228    0    0    0    0    0    0    1    0    0    0    0    0    5    0    0    0    0    0    0    0    3    0    0    0    0   10    0    0    0    0    0    0    0    0    2    0    0    0    0    0    0
   0    0    0    0    0    0    0    0    0    0    0    0    0    0    0    0    0    1    0    0    0  243    2    0    0    0    0    0    0    0    0    0    0    0    0    0    0    0    0    0    0    0    0    0    0    0    3    0    0    0    0    0    0    0    0    0    1    0    0    0    0    0
   0    0    0    0    0    0    0    0    0    0    0    0    0    0    0    0    0    2    0    0    0    0  244    0    0    0    0    0    0    0    0    2    0    1    0    0    0    0    0    1    0    0    0    0    0    0    0    0    0    0    0    0    0    0    0    0    0    0    0    0    0    0
   0    0    0    0    0    0    0    0    0    0    0    0    0    0    0    0    0   10    0    0    0    0    4  229    0    0    0    0    0    0    0    1    3    0    0    0    0    0    0    0    0    0    0    1    0    0    1    0    0    1    0    0    0    0    0    0    0    0    0    0    0    0
 101    0    0    6    1    0    0    0    5    0    0    2    1    3    0    0    3    0    0    0    0    0    0    0  116    0    8    1    0    0    0    0    0    0    0    0    1    1    0    0    0    0    0    0    0    0    0    0    0    0    0    1    0    0    0    0    0    0    0    0    0    0
   0    0    0    0    0    0    0    0    0    0    0    0    0    0    0    3    0    0    0    0    0    0    0    0    0  235    0    0    0    1    0    0    0    0    0    0    0    0    0    0    0    0    0    0    0    0    0    0    0    0    0    7    0    4    0    0    0    0    0    0    0    0
   0    0    0    0    0    0    0    0    0    0    0    1    0    0    0    0    0    0    0    0    0    0    0    0    2    0  235    4    0    0    0    0    0    0    0    0    0    0    0    2    0    0    4    0    0    0    0    0    0    0    0    1    1    0    0    0    0    0    0    0    0    0
   0    0    0    0    0    1    0    0    0    0    0    2    0    0    0    0    0    1    0    0    0    0    0    0    0    0    0  241    0    0    0    0    0    0    0    0    0    0    0    0    0    0    1    0    0    0    2    0    0    1    0    0    0    0    0    1    0    0    0    0    0    0
   1    0    0    8    0    2    2    0    0    0    0    2    2    0    0    0    0    1    0    0    0    0    0    0    0    0    1    0  227    0    0    0    0    0    0    0    0    0    0    1    0    0    0    0    0    0    0    0    0    0    0    1    1    0    1    0    0    0    0    0    0    0
   0    1    0    0    0    0    0    0    0    0    0    0    0    0    0    0    0    1    0    1    0    0    0    1    0    2    0    0    0  237    0    0    0    0    0    0    0    0    0    0    0    2    0    0    0    0    0    1    0    0    0    0    0    1    0    3    0    0    0    0    0    0
   0    0    0    0    0    0    0    0    0    0    0    0    0    0    0    0    0    2    0   12    0    1    1    0    0    0    0    0    0    1  221    0    1    0    0    0    0    1    0    1    0    0    0    0    0    0    1    0    1    0    0    0    0    0    0    0    7    0    0    0    0    0
   0    0    0    0    0    0    0    0    0    0    0    0    0    0    0    0    0    0    0    1    0    0    0    4    0    0    0    0    0    2    0  230    1    0    7    0    0    0    0    0    0    0    0    0    0    0    0    1    0    0    0    0    3    0    0    0    0    0    0    0    1    0
   0    0    0    0    0    0    0    0    0    0    0    0    0    0    0    0    0    5    0    0    0    0    5    0    0    0    0    0    0    0    0    1  238    0    0    0    0    0    0    0    0    0    0    0    0    0    0    0    0    0    0    0    0    0    0    0    0    1    0    0    0    0
   0    0    0    0    0    0    0    0    0    0    0    0    1    0    0    0    0    0    0    0    2    0    0    0    0    0    0    0    0    0    0    0    1  236    0    0    0    0    0    0    0    1    0    1    0    0    5    0    0    0    0    0    1    0    0    2    0    0    0    0    0    0
   0    0    0    0    0    0    0    2    0    0    0    0    0    0    0    0    0    1    0    0    0    0    2    0    0    0    0    0    0    2    0    2    3    0  232    0    0    0    0    1    0    1    0    0    0    0    0    0    0    0    0    0    1    0    0    3    0    0    0    0    0    0
   0    0    2    0    0    0    0    4    0    0    0    0    0    0    2    0    0    0    0    0    1    0    0    0    0    0    0    2    0    0    0    0    0    0    0  229    0    0    0    1    0    0    0    0    0    0    0    0    0    0    0    0    0    0    0    0    0    0    0    0    0    9
   1    0    0    1    0    0    0    0    0    0    0    4    0    0    0    0    0    0    0    2    0    0    0    0    0    0    9    0    0    0    0    0    0    0    0    0  210    0    0    9    3    0    0    0    0    0    0    0    0    8    0    0    2    0    1    0    0    0    0    0    0    0
   0    0    0    0    0    0    0    0    0    0    0    1    0    1    0    0    0    0    0    0    0    0    0    0    0    0    0    1    0    0    1    0    0    0    0    0    0  227    0    2    1    0    2    6    0    0    4    0    0    0    0    1    2    0    0    1    0    0    0    0    0    0
   0    0    0    0    0    1    0    0    0    0    0    0   16    0    1    0    7    0    0    0    0    0    0    0    0    0    1    0    0    0    0    0    0    0    0    0    0    0  216    0    5    0    0    0    0    0    0    0    0    0    0    0    0    0    3    0    0    0    0    0    0    0
   0    0    0    0    1    0    0    0    0    0    0    0    0    0    1    0    0    4    0    8    0    0    1    0    0    0    6    0    0    0    0    0    0    0    0    1    0    1    0  222    1    0    0    0    0    0    0    0    0    1    0    0    3    0    0    0    0    0    0    0    0    0
   0    0    0    0    0    0    0    0    0    1    0    2    1    0    0    0    0    0    0    0    0    0    0    0    1    0    1    0    0    0    0    0    0    0    0    0    2    0   14    1  222    0    0    0    0    0    0    0    0    0    2    0    0    0    2    0    0    0    0    0    0    1
   0    3    0    0    0    0    0    0    0    0    0    0    0    0    0    0    0    0    0    0    0    0    0    0    0    0    0    0    0    0    0    0    0    1    0    0    0    0    0    0    0  240    0    0    0    0    0    1    0    0    0    0    0    2    0    3    0    0    0    0    0    0
   0    0    0    0    1    0    0    0    1    1    0    0    0    0    0    0    0    0    0    0    0    0    1    0    0    0    0    0    0    0    0    0    2    1    0    0    0    0    0    0    0    0  222    0    0    0    0    0    1    0    0    1   19    0    0    0    0    0    0    0    0    0
   0    0    0    0    0    0    0    0    0    0    0    0    0    0    0    0    0    3    0    0    0    0    0    0    0    0    0    0    0    0    0    0    0    0    0    0    0    1    0    0    0    1    0  238    0    0    5    0    0    1    0    1    0    0    0    0    0    0    0    0    0    0
   0    1    0    0    0    0    0    0    0    0    0    2    0    0    0    0    0    1    5    0    0    0    0    0    0    0    0    1    0    0    0    1    0    0    0    0    0    0    0    0    0    5    0    1  222    1    0    5    0    0    0    1    0    0    0    4    0    0    0    0    0    0
   0    0    0    0    0    0    0    0    0    0    0    0    0    0    0    0    0    1    1    2    0    0    0    0    0    0    0    0    0    0    0    0    0    2    0    0    0    0    0    0    0    1    2    1    7  227    1    1    0    0    0    1    0    1    0    1    0    0    0    0    1    0
   0    0    0    0    0    0    0    0    0    0    0    0    0    0    0    0    0    0    0    0    0    0    0    0    0    0    0    2    0    0    0    0    0    0    0    0    0    0    0    0    0    0    0    1    0    0  246    0    0    1    0    0    0    0    0    0    0    0    0    0    0    0
   0    3    0    0    0    0    0    0    0    0    0    0    0    0    0    0    0    1   21    0    0    0    0    0    0    0    0    0    0    0    0    1    0    0    0    0    0    0    0    0    0   12    0    0   11    1    0  196    0    0    0    0    0    0    0    4    0    0    0    0    0    0
   0    0    0    0    0    0    0    0    0    0    0    0    0    0    0    2    0    4    0    0    0    0    0    0    0    0    0    0    0    0    0    0    0    0    0    0    0    0    0    0    0    0    0    0    0    0    1    0  243    0    0    0    0    0    0    0    0    0    0    0    0    0
   0    0    0    0    0    0    0    0    0    0    0    0    0    1    0    0    0    3    0    0    0    0    0    0    0    0    1    1    0    0    0    0    0    0    0    0    2    0    0    0    0    1    1    2    0    0    0    0    0  238    0    0    0    0    0    0    0    0    0    0    0    0
   5    0    0    5    0    0    1    0    1    0    0    1    0    0    0    0    2    0    0    2    0    0    0    0    4    0   16    0    0    0    0    0    0    0    0    0    6    1    0    3    9    0    5    0    0    0    0    0    0    0  188    0    0    0    1    0    0    0    0    0    0    0
   0    0    0    0    0    0    0    0    0    0    0    1    0    0    0    0    0    0    0    0    0    0    0    0    0    0    0    0    0    0    0    0    0    0    0    0    0    0    0    0    0    0    0    0    0    0    0    0    0    0    0  249    0    0    0    0    0    0    0    0    0    0
   0    0    0    0    0    0    0    0    0    0    0    0    0    0    0    0    0    0    0    0    0    0    0    0    0    0    2    0    0    1    0    0    0    0    0    0    0    0    0    0    0    0   15    0    0    0    0    0    0    0    0    0  232    0    0    0    0    0    0    0    0    0
   0    0    0    0    0    0    0    0    0    0    0    1    0    0    0    2    0    0    0    0    0    0    0    0    0    0    0    0    0    2    0    0    0    0    0    0    0    0    0    0    0    0    0    0    0    0    0    0    0    0    0    0    0  245    0    0    0    0    0    0    0    0
   0    0    0    2    0    5    0    0    0    0    0    3    0    0    0    0    0    0    0    0    0    0    0    0    0    0    0    0    9    0    0    0    0    0    0    0    0    1    0    0    1    0    5    0    0    0    0    0    2    1    1    0    0    0  220    0    0    0    0    0    0    0
   0    0    0    0    0    0    0    0    0    0    0    0    0    0    0    0    0    0    0    0    1    0    0    0    0    0    0    0    0    0    0    0    0    1    0    0    0    0    0    0    0    7    0    0    0    0    0    0    0    0    0    0    0    0    0  241    0    0    0    0    0    0
   0    0    0    0    0    0    0    0    0    0    0    0    0    0    0    0    0    1    0    3    0    0    2    0    0    0    0    0    0    0    2    0    0    0    0    0    0    0    0    2    0    0    2    0    0    0    0    0    0    1    0    0    2    0    0    0  235    0    0    0    0    0
   0    0    0    0    0    0    0    2    0    0    0    0    0    0    0    0    0    0    0    1    0    0    4    1    0    0    0    0    0    0    0   10    6    0    5    0    0    0    0    0    0    0    1    0    0    0    0    0    0    0    0    0    2    0    0    0    0  216    0    0    2    0
   0    0    0    0    0    0    0    0    0    0    0    0    0    0    0    0    0    2    0    0    0    0    2    0    0    0    0    0    0    0    0    0    1    0    0    0    0    0    0    0    0    0    0    1    0    0    4    0    2    0    0    0    0    0    0    0    0    0  238    0    0    0
   0    0    0    0    0    0    0    0    0    0    0    0    0    0    0    0    0    1    0    0    0    0    2    0    0    0    0    1    0    0    0    0    0    9    0    0    0    0    0    0    1    0    0    0    0    0    3    0    0    0    0    0    0    0    0    0    0    0    0  233    0    0
   0    0    0    0    0    0    0    1    0    0    0    0    0    0    0    0    0    0    0    0    0    0    1    0    0    0    0    0    0    0    0    4    5    0    7    0    0    0    0    0    0    1    2    0    0    0    0    0    0    0    0    0    1    0    0    0    0    0    0    0  228    0
   0    0    1    0    0    0    0    0    0    0    0    0    1    0    1    0    0    0    0    0    0    0    0    0    0    0    0    0    0    0    0    0    0    0    0   16    0    0    1    0    0    0    0    0    0    0    0    0    0    0    0    0    0    0    0    0    0    0    0    0    0  230

Classification Report:
0:
    precision: 0.49
    recall: 0.42
    f1-score: 0.45
    support: 250.00
1:
    precision: 0.94
    recall: 0.86
    f1-score: 0.90
    support: 250.00
2:
    precision: 0.97
    recall: 0.93
    f1-score: 0.95
    support: 250.00
3:
    precision: 0.81
    recall: 0.89
    f1-score: 0.85
    support: 250.00
4:
    precision: 0.95
    recall: 0.93
    f1-score: 0.94
    support: 250.00
5:
    precision: 0.94
    recall: 0.94
    f1-score: 0.94
    support: 250.00
6:
    precision: 0.98
    recall: 0.91
    f1-score: 0.94
    support: 250.00
7:
    precision: 0.95
    recall: 0.92
    f1-score: 0.93
    support: 250.00
8:
    precision: 0.89
    recall: 0.78
    f1-score: 0.83
    support: 250.00
9:
    precision: 0.99
    recall: 0.92
    f1-score: 0.96
    support: 250.00
10:
    precision: 0.99
    recall: 0.94
    f1-score: 0.97
    support: 250.00
11:
    precision: 0.81
    recall: 0.92
    f1-score: 0.86
    support: 250.00
12:
    precision: 0.80
    recall: 0.97
    f1-score: 0.88
    support: 250.00
13:
    precision: 0.96
    recall: 0.86
    f1-score: 0.90
    support: 250.00
14:
    precision: 0.96
    recall: 0.92
    f1-score: 0.94
    support: 250.00
15:
    precision: 0.94
    recall: 0.96
    f1-score: 0.95
    support: 250.00
16:
    precision: 0.89
    recall: 0.89
    f1-score: 0.89
    support: 250.00
17:
    precision: 0.79
    recall: 0.97
    f1-score: 0.87
    support: 250.00
18:
    precision: 0.87
    recall: 0.81
    f1-score: 0.84
    support: 250.00
19:
    precision: 0.88
    recall: 0.95
    f1-score: 0.91
    support: 250.00
20:
    precision: 0.98
    recall: 0.91
    f1-score: 0.95
    support: 250.00
21:
    precision: 1.00
    recall: 0.97
    f1-score: 0.98
    support: 250.00
22:
    precision: 0.88
    recall: 0.98
    f1-score: 0.93
    support: 250.00
23:
    precision: 0.97
    recall: 0.92
    f1-score: 0.94
    support: 250.00
24:
    precision: 0.50
    recall: 0.46
    f1-score: 0.48
    support: 250.00
25:
    precision: 0.96
    recall: 0.94
    f1-score: 0.95
    support: 250.00
26:
    precision: 0.80
    recall: 0.94
    f1-score: 0.86
    support: 250.00
27:
    precision: 0.94
    recall: 0.96
    f1-score: 0.95
    support: 250.00
28:
    precision: 0.94
    recall: 0.91
    f1-score: 0.92
    support: 250.00
29:
    precision: 0.90
    recall: 0.95
    f1-score: 0.93
    support: 250.00
30:
    precision: 0.99
    recall: 0.88
    f1-score: 0.93
    support: 250.00
31:
    precision: 0.91
    recall: 0.92
    f1-score: 0.92
    support: 250.00
32:
    precision: 0.91
    recall: 0.95
    f1-score: 0.93
    support: 250.00
33:
    precision: 0.92
    recall: 0.94
    f1-score: 0.93
    support: 250.00
34:
    precision: 0.92
    recall: 0.93
    f1-score: 0.93
    support: 250.00
35:
    precision: 0.88
    recall: 0.92
    f1-score: 0.90
    support: 250.00
36:
    precision: 0.95
    recall: 0.84
    f1-score: 0.89
    support: 250.00
37:
    precision: 0.87
    recall: 0.91
    f1-score: 0.89
    support: 250.00
38:
    precision: 0.91
    recall: 0.86
    f1-score: 0.89
    support: 250.00
39:
    precision: 0.85
    recall: 0.89
    f1-score: 0.87
    support: 250.00
40:
    precision: 0.91
    recall: 0.89
    f1-score: 0.90
    support: 250.00
41:
    precision: 0.82
    recall: 0.96
    f1-score: 0.89
    support: 250.00
42:
    precision: 0.79
    recall: 0.89
    f1-score: 0.84
    support: 250.00
43:
    precision: 0.93
    recall: 0.95
    f1-score: 0.94
    support: 250.00
44:
    precision: 0.88
    recall: 0.89
    f1-score: 0.88
    support: 250.00
45:
    precision: 0.97
    recall: 0.91
    f1-score: 0.94
    support: 250.00
46:
    precision: 0.85
    recall: 0.98
    f1-score: 0.91
    support: 250.00
47:
    precision: 0.84
    recall: 0.78
    f1-score: 0.81
    support: 250.00
48:
    precision: 0.97
    recall: 0.97
    f1-score: 0.97
    support: 250.00
49:
    precision: 0.93
    recall: 0.95
    f1-score: 0.94
    support: 250.00
50:
    precision: 0.98
    recall: 0.75
    f1-score: 0.85
    support: 250.00
51:
    precision: 0.90
    recall: 1.00
    f1-score: 0.95
    support: 250.00
52:
    precision: 0.82
    recall: 0.93
    f1-score: 0.87
    support: 250.00
53:
    precision: 0.96
    recall: 0.98
    f1-score: 0.97
    support: 250.00
54:
    precision: 0.96
    recall: 0.88
    f1-score: 0.92
    support: 250.00
55:
    precision: 0.86
    recall: 0.96
    f1-score: 0.91
    support: 250.00
56:
    precision: 0.97
    recall: 0.94
    f1-score: 0.95
    support: 250.00
57:
    precision: 1.00
    recall: 0.86
    f1-score: 0.93
    support: 250.00
58:
    precision: 1.00
    recall: 0.95
    f1-score: 0.98
    support: 250.00
59:
    precision: 1.00
    recall: 0.93
    f1-score: 0.96
    support: 250.00
60:
    precision: 0.98
    recall: 0.91
    f1-score: 0.95
    support: 250.00
61:
    precision: 0.93
    recall: 0.92
    f1-score: 0.93
    support: 250.00
accuracy: 0.90
macro avg:
    precision: 0.90
    recall: 0.90
    f1-score: 0.90
    support: 15500.00
weighted avg:
    precision: 0.90
    recall: 0.90
    f1-score: 0.90
    support: 15500.00
================================================================================

