00101_0.png;0;0;269;257;1;1;
00094_1.png;0;0;160;182;1;1;
00057_1.png;0;0;63;136;1;1;
00083_0.png;0;0;165;294;1;1;
00041_0.png;0;0;261;283;1;1;
00016_2.png;0;0;144;245;1;1;
00021_0.png;0;0;86;191;1;1;
00100_2.png;0;0;195;313;1;1;
00058_0.png;0;0;243;301;1;1;
00036_0.png;0;0;246;244;1;1;
00052_1.png;0;0;95;235;1;1;
00040_1.png;0;0;176;333;1;1;
00051_0.png;0;0;150;226;1;1;
00095_2.png;0;0;207;462;1;1;
00055_0.png;0;0;148;196;1;1;
00062_0.png;0;0;260;222;1;1;
00055_1.png;0;0;118;195;1;1;
00042_2.png;0;0;273;371;1;1;
00003_0.png;0;0;178;282;1;1;
00032_2.png;0;0;340;480;1;1;
00049_0.png;0;0;317;392;1;1;
00062_2.png;0;0;72;184;1;1;
00098_2.png;0;0;90;289;1;1;
00047_0.png;0;0;182;294;1;1;
00021_1.png;0;0;86;227;1;1;
00033_0.png;0;0;242;207;1;1;
00046_2.png;0;0;195;336;1;1;
00034_2.png;0;0;216;447;1;1;
00040_0.png;0;0;167;335;1;1;
00022_2.png;0;0;189;345;1;1;
00028_2.png;0;0;252;416;1;1;
00034_0.png;0;0;118;209;1;1;
00045_0.png;0;0;299;270;1;1;
00022_1.png;0;0;83;191;1;1;
00100_0.png;0;0;59;120;1;1;
00056_2.png;0;0;167;386;1;1;
00013_0.png;0;0;204;251;1;1;
00063_1.png;0;0;247;290;1;1;
00067_0.png;0;0;328;405;1;1;
00061_0.png;0;0;276;364;1;1;
00016_0.png;0;0;55;119;1;1;
00028_0.png;0;0;111;189;1;1;
00093_1.png;0;0;135;286;1;1;
00032_1.png;0;0;107;275;1;1;
00034_1.png;0;0;119;234;1;1;
00086_2.png;0;0;194;386;1;1;
00046_1.png;0;0;74;176;1;1;
00097_0.png;0;0;245;312;1;1;
00067_1.png;0;0;78;152;1;1;
00011_0.png;0;0;85;155;1;1;
00038_2.png;0;0;203;441;1;1;
00064_0.png;0;0;285;341;1;1;
00070_0.png;0;0;312;328;1;1;
00096_2.png;0;0;105;241;1;1;
00011_2.png;0;0;192;315;1;1;
00021_2.png;0;0;204;420;1;1;
00038_1.png;0;0;112;231;1;1;
00043_0.png;0;0;250;255;1;1;
00053_2.png;0;0;185;315;1;1;
00017_0.png;0;0;212;242;1;1;
00007_0.png;0;0;204;310;1;1;
00032_0.png;0;0;96;180;1;1;
00074_2.png;0;0;163;372;1;1;
00063_0.png;0;0;323;223;1;1;
00011_1.png;0;0;80;160;1;1;
00053_1.png;0;0;77;158;1;1;
00052_2.png;0;0;245;461;1;1;
00006_0.png;0;0;320;340;1;1;
00031_0.png;0;0;265;367;1;1;
00057_2.png;0;0;149;266;1;1;
00068_0.png;0;0;303;400;1;1;
00062_1.png;0;0;183;185;1;1;
00044_2.png;0;0;293;550;1;1;
00024_0.png;0;0;237;380;1;1;
